?????????????????#??????????????????#??????????????????#??????????????????#??????????????????#
1,4,2,2,1,1,4,2,2,1,1,4,2,2,1,1,4,2,2,1,1,4,2,2,1

#.####.##.##.#.#.####.##.##.#.#..####.##.##.#.#.####..##.##.#.#.####.##..##..................#
1 4    2  2  1 1 4    2  2  1 1  4    2  2  1 1 4     2  2  1 1 4    2   2                   1
 1 4    2  2  1 1 4    2  2  1 2  4    2  2  1 1 5     2  2  1 1 4    3   18                  

?###??????????###??????????###??????????###??????????###????????
.###.????????.###.????????.###.????????.###.????????.###.???????
.###.##.#.....###.##.#.....###.##.#.....###.##.#.....###.##.#...
 3   2  1     3   2  1     3   2  1     3   2  1     3   2  1
requires 44 min area
must distribute 20 blanks, 14 always between groups, so 6 variations

15*15*15*15*10
